Part: 1, DateTime: 2023-02-22 11:17:37.031474, Response: pass, Time Elapsed: 2.247568 seconds
Part: 2, DateTime: 2023-02-22 11:17:41.975644, Response: fail, Time Elapsed: 4.94417 seconds
Part: 3, DateTime: 2023-02-22 11:17:45.653293, Response: pass, Time Elapsed: 3.677649 seconds
Part: 4, DateTime: 2023-02-22 11:17:46.915627, Response: fail, Time Elapsed: 1.262334 seconds
